0, 454
0, 1100
0, 242
0, 1125
0, 1077
0, 220
0, 259
0, 957
0, 971
0, 693
0, 229
0, 1031
0, 137
0, 137
0, 323
0, 323
0, 224
0, 990
0, 218
0, 931
0, 266
0, 495
0, 334
0, 190
0, 176
0, 176
0, 176
0, 934
0, 367
0, 722
0, 288
0, 38
0, 27
0, 641
0, 513
0, 1187
0, 837
0, 0
0, 828
0, 920
0, 733
0, 139
0, 139
0, 368
0, 576
0, 390
0, 1231
0, 189
0, 923
0, 923
0, 923
0, 92
0, 105
0, 59
0, 59
0, 379
0, 36
0, 172
0, 468
0, 29
0, 490
0, 490
0, 580
0, 740
0, 180
0, 293
0, 359
0, 601
0, 813
0, 108
0, 981
0, 518
0, 20
0, 726
0, 877
0, 42
0, 90
0, 668
0, 131
0, 541
0, 482
0, 318
0, 40
0, 940
0, 882
0, 695
1, 76
2, 700
2, 398
2, 400
3, 38
4, 952
5, 74
6, 675
7, 629
7, 923
7, 1066
7, 309
8, 808
8, 1218
9, 948
10, 490
10, 1239
10, 1092
10, 900
11, 1005
11, 864
11, 1142
12, 84
12, 59
13, 1010
13, 745
13, 833
14, 113
15, 923
15, 530
16, 282
16, 573
16, 936
16, 447
17, 1074
17, 487
18, 352
18, 1247
18, 137
19, 1020
19, 30
19, 738
20, 229
20, 59
20, 541
20, 990
21, 947
21, 1186
21, 936
21, 948
22, 137
22, 532
22, 91
23, 570
23, 722
23, 230
23, 1171
23, 103
24, 315
25, 743
25, 224
26, 140
26, 91
27, 395
27, 44
27, 74
27, 913
27, 930
27, 904
27, 850
27, 204
27, 888
28, 294
28, 580
28, 61
30, 156
30, 582
30, 913
30, 493
30, 1158
30, 820
31, 513
32, 1051
32, 187
33, 458
33, 1197
34, 631
34, 1100
34, 224
34, 190
34, 660
35, 939
36, 787
36, 497
37, 475
37, 490
37, 371
37, 123
37, 340
37, 245
37, 77
37, 231
37, 487
37, 958
38, 788
38, 123
38, 1137
38, 415
38, 1093
38, 606
38, 1020
38, 154
38, 513
38, 936
38, 101
38, 289
38, 418
38, 1198
38, 806
38, 1100
38, 43
38, 350
38, 733
38, 695
38, 474
38, 121
38, 272
38, 294
39, 875
40, 218
40, 665
40, 984
40, 932
40, 315
40, 1153
40, 605
41, 1274
41, 1037
41, 393
42, 294
42, 187
43, 221
43, 190
43, 760
43, 597
43, 451
44, 299
44, 1223
45, 366
45, 634
45, 1123
46, 244
46, 74
46, 521
47, 1212
47, 224
47, 986
47, 1153
47, 987
47, 661
47, 401
47, 565
47, 231
47, 1203
47, 317
47, 290
47, 238
48, 1093
49, 95
49, 1045
49, 185
49, 442
49, 919
50, 108
50, 1230
50, 439
51, 478
51, 1152
52, 308
52, 348
53, 763
53, 755
53, 988
53, 412
53, 1038
53, 326
53, 1010
54, 480
54, 290
55, 308
55, 125
55, 93
55, 939
55, 685
55, 1068
55, 348
55, 953
55, 771
55, 1100
55, 1033
56, 532
57, 1012
57, 76
57, 1008
57, 477
57, 384
57, 904
58, 919
58, 513
58, 231
59, 952
59, 421
59, 666
59, 502
59, 1044
59, 312
59, 1202
59, 841
59, 288
59, 1121
59, 883
59, 135
59, 986
59, 103
59, 352
59, 500
59, 172
59, 76
59, 144
59, 722
59, 173
59, 1194
59, 326
59, 512
60, 903
60, 569
60, 1013
61, 608
61, 174
61, 510
62, 139
62, 315
63, 945
64, 116
65, 95
65, 462
66, 1044
67, 504
67, 589
67, 490
68, 291
68, 573
69, 294
69, 1045
69, 703
69, 192
69, 106
70, 1130
70, 495
70, 272
70, 835
70, 172
71, 348
72, 1138
72, 246
73, 944
74, 422
74, 937
74, 269
74, 973
74, 137
74, 769
75, 311
75, 1084
75, 669
75, 210
75, 752
76, 160
76, 323
76, 224
76, 561
76, 478
77, 639
77, 887
77, 224
77, 927
77, 1100
77, 361
77, 151
77, 481
77, 330
77, 341
77, 671
77, 416
77, 1151
77, 218
78, 1213
78, 313
79, 502
79, 433
80, 180
81, 993
81, 368
82, 118
83, 471
84, 240
84, 688
84, 868
84, 1072
84, 260
85, 648
86, 199
86, 139
86, 764
87, 1200
87, 480
88, 699
89, 735
89, 1127
89, 786
89, 869
91, 1057
91, 550
91, 268
91, 1104
91, 1132
92, 1033
93, 1153
93, 743
93, 477
94, 1019
95, 490
95, 211
95, 451
95, 522
95, 494
95, 286
95, 402
96, 284
97, 149
97, 137
97, 605
98, 506
99, 870
99, 144
99, 695
100, 523
100, 743
100, 160
100, 181
100, 821
100, 999
100, 376
101, 163
101, 1180
102, 482
102, 510
103, 164
103, 236
104, 139
105, 139
105, 139
105, 657
105, 179
105, 490
106, 222
106, 181
106, 114
106, 873
106, 415
106, 249
107, 900
108, 644
108, 987
108, 1271
108, 832
108, 547
108, 327
108, 366
109, 1144
109, 575
109, 775
110, 1235
110, 323
110, 699
110, 695
110, 503
111, 743
111, 1035
111, 636
111, 421
112, 695
113, 709
113, 1152
113, 183
113, 1080
113, 506
115, 234
116, 695
116, 323
116, 490
117, 328
117, 775
119, 121
119, 213
120, 236
121, 467
121, 900
121, 733
122, 1167
122, 625
122, 246
123, 754
123, 1215
123, 845
123, 761
123, 1146
123, 673
124, 498
124, 323
126, 924
126, 1070
127, 695
127, 530
128, 843
129, 294
129, 490
130, 231
130, 809
130, 134
130, 359
130, 490
130, 745
130, 1077
130, 614
131, 337
131, 1104
131, 1173
131, 451
131, 1229
131, 457
131, 581
131, 590
131, 208
131, 897
131, 172
131, 1191
131, 1126
131, 986
131, 269
132, 417
132, 371
132, 421
132, 585
132, 463
133, 932
134, 937
134, 923
134, 1118
134, 872
134, 733
134, 224
134, 148
135, 1137
135, 695
135, 162
136, 375
137, 481
137, 844
137, 695
137, 743
137, 789
137, 1137
137, 414
137, 266
137, 655
137, 389
137, 249
137, 178
137, 923
137, 281
137, 711
137, 137
137, 830
137, 921
137, 299
137, 612
137, 440
137, 650
137, 511
137, 1060
138, 656
138, 614
139, 170
139, 887
139, 1017
139, 909
139, 521
139, 394
139, 442
139, 269
139, 659
139, 254
139, 210
139, 962
139, 981
139, 733
139, 1227
139, 1009
139, 512
139, 512
139, 774
139, 1069
139, 952
139, 761
139, 779
139, 695
139, 231
139, 337
139, 1190
139, 419
139, 971
139, 525
139, 1029
139, 323
139, 389
139, 224
139, 181
140, 443
140, 826
141, 1112
141, 157
141, 172
141, 1220
141, 1126
141, 476
141, 1051
141, 177
141, 1100
142, 444
142, 757
143, 645
143, 686
144, 1237
144, 473
144, 187
144, 733
145, 296
145, 600
145, 490
146, 284
146, 900
147, 992
148, 923
149, 273
150, 440
151, 528
151, 1059
151, 1040
151, 900
151, 490
152, 512
152, 236
152, 283
152, 1248
152, 451
152, 425
153, 294
153, 173
153, 247
154, 288
154, 839
155, 490
156, 1057
157, 550
158, 442
159, 224
160, 260
160, 585
160, 614
160, 323
160, 278
161, 579
161, 1009
161, 898
162, 817
163, 1269
163, 1201
164, 578
164, 922
164, 1093
165, 1018
165, 267
166, 1048
167, 1127
167, 744
168, 397
168, 172
169, 409
169, 219
170, 680
171, 288
171, 1013
171, 451
171, 478
172, 246
172, 269
172, 512
172, 313
172, 665
172, 665
172, 621
172, 266
173, 1050
174, 209
174, 1028
174, 932
175, 1212
176, 598
176, 1100
176, 224
176, 310
176, 399
176, 499
177, 1200
177, 315
178, 201
178, 343
178, 526
178, 409
180, 1214
180, 637
180, 1095
181, 932
181, 1148
181, 295
181, 218
181, 1170
181, 1198
181, 504
181, 699
181, 648
181, 594
181, 1146
182, 691
183, 438
184, 387
184, 544
185, 214
186, 1168
186, 645
186, 507
187, 1044
187, 810
188, 284
190, 941
190, 695
191, 449
192, 859
192, 1261
192, 759
193, 633
194, 976
194, 904
194, 513
194, 1023
194, 716
195, 449
196, 490
196, 490
196, 474
196, 208
196, 588
196, 645
197, 408
198, 269
199, 468
199, 323
199, 922
199, 1272
199, 421
199, 969
200, 904
200, 924
200, 932
201, 830
201, 601
201, 443
201, 671
201, 695
201, 451
201, 323
202, 442
203, 563
205, 222
206, 409
206, 218
207, 546
207, 407
207, 1050
208, 467
208, 609
209, 1009
209, 285
209, 613
210, 1124
210, 1043
211, 900
211, 395
212, 495
213, 444
213, 717
213, 299
213, 653
214, 661
214, 930
215, 352
215, 476
215, 291
215, 676
216, 1004
216, 999
216, 871
216, 254
217, 665
217, 542
218, 323
218, 740
218, 683
218, 409
218, 263
218, 1116
218, 543
221, 1221
221, 1164
221, 294
221, 705
222, 852
222, 824
222, 251
222, 224
222, 515
223, 721
223, 670
224, 623
224, 295
224, 1044
224, 1068
224, 1157
224, 670
224, 332
224, 924
224, 512
225, 599
225, 923
226, 495
227, 476
228, 525
229, 603
229, 269
230, 244
230, 413
230, 965
231, 1162
231, 695
231, 266
232, 445
233, 730
233, 416
235, 521
236, 668
236, 551
237, 1039
237, 548
239, 1117
241, 1093
241, 1138
241, 925
242, 1050
242, 1175
243, 855
245, 797
246, 1234
246, 908
246, 495
248, 397
249, 781
249, 695
250, 269
251, 294
252, 901
252, 261
252, 572
252, 884
253, 641
254, 490
254, 1064
254, 757
254, 1074
254, 1045
254, 850
254, 424
255, 987
255, 919
255, 495
255, 328
256, 294
257, 584
258, 564
260, 912
261, 1088
262, 272
262, 299
263, 272
263, 866
263, 970
264, 449
265, 991
265, 932
265, 725
266, 490
266, 752
266, 777
266, 266
266, 446
266, 1030
266, 995
266, 323
266, 428
266, 692
266, 798
266, 282
267, 406
267, 323
267, 740
268, 512
268, 1036
269, 479
269, 487
269, 1113
269, 1147
269, 323
270, 363
270, 459
271, 374
272, 653
272, 1093
272, 447
272, 528
273, 288
273, 1198
273, 754
274, 695
274, 313
275, 442
275, 902
275, 833
275, 1137
275, 753
276, 860
277, 1026
279, 900
279, 819
280, 1247
280, 1198
281, 380
281, 1198
281, 971
281, 984
282, 699
284, 891
284, 653
285, 757
285, 1160
285, 811
286, 1136
286, 425
287, 383
288, 695
288, 656
288, 634
288, 451
290, 989
291, 323
291, 1020
291, 846
291, 513
291, 1000
292, 1079
292, 1228
292, 470
292, 653
292, 695
292, 931
293, 484
293, 1154
293, 1134
293, 643
293, 778
293, 1198
294, 295
294, 478
294, 342
294, 1009
294, 307
294, 936
294, 655
294, 923
294, 1126
294, 487
294, 695
294, 1046
294, 830
294, 394
294, 1111
294, 512
294, 1000
294, 733
294, 507
294, 649
295, 323
295, 532
295, 1098
295, 668
295, 952
295, 337
295, 320
296, 765
296, 1047
297, 930
298, 800
298, 665
299, 1093
299, 329
300, 1205
301, 710
302, 693
303, 513
304, 323
305, 532
305, 380
306, 382
306, 923
306, 1198
306, 938
306, 553
307, 706
307, 490
308, 492
308, 312
309, 1065
309, 570
310, 569
310, 701
311, 1150
311, 973
311, 651
311, 495
311, 844
311, 369
311, 528
311, 1014
311, 1061
312, 487
312, 490
312, 935
312, 1009
312, 1137
312, 482
313, 549
313, 521
313, 1009
314, 1054
314, 747
316, 665
318, 495
318, 467
319, 647
320, 967
321, 578
322, 478
323, 985
323, 1110
323, 326
323, 1153
323, 1103
323, 485
323, 451
323, 352
323, 1046
323, 937
323, 1104
323, 1005
323, 668
323, 757
323, 1078
323, 735
323, 513
323, 1117
323, 430
323, 877
323, 1224
323, 567
323, 533
323, 876
324, 1097
325, 606
325, 978
325, 504
326, 815
326, 743
327, 1024
327, 1009
330, 697
331, 691
332, 695
333, 751
334, 682
335, 783
335, 930
336, 792
337, 513
338, 879
338, 362
338, 863
339, 1128
341, 520
344, 743
345, 490
345, 695
346, 900
346, 610
347, 542
349, 925
351, 1265
352, 384
352, 923
352, 616
352, 1082
352, 900
352, 406
352, 1145
352, 784
353, 395
354, 925
355, 490
356, 374
357, 366
358, 1117
358, 512
360, 1174
362, 1172
363, 1104
364, 1014
364, 1005
364, 736
365, 1093
365, 922
366, 1009
366, 1149
366, 505
366, 451
367, 1087
367, 706
368, 681
368, 677
368, 733
368, 682
369, 785
370, 716
371, 471
372, 1198
373, 635
374, 1120
374, 394
375, 1056
375, 1093
375, 395
375, 497
377, 695
378, 606
378, 695
380, 637
380, 481
381, 1071
385, 1152
386, 1207
387, 1093
388, 547
388, 866
389, 431
389, 823
389, 740
389, 980
389, 633
389, 743
389, 532
389, 701
389, 487
390, 418
391, 1210
392, 508
393, 1049
394, 512
394, 931
394, 752
395, 662
395, 1062
395, 532
395, 932
395, 848
396, 1255
396, 515
397, 647
397, 847
397, 528
397, 757
397, 451
398, 451
398, 593
399, 487
401, 487
401, 695
403, 707
404, 490
404, 566
405, 1206
406, 968
409, 1002
409, 877
409, 477
410, 1091
410, 713
410, 521
411, 900
414, 1232
415, 788
420, 834
421, 490
421, 716
421, 497
423, 720
426, 525
427, 973
429, 941
430, 900
432, 831
433, 980
434, 923
435, 790
436, 1020
437, 878
440, 1169
440, 780
441, 695
442, 489
442, 448
442, 1109
443, 838
443, 1276
444, 1051
444, 756
444, 756
444, 478
444, 603
447, 790
449, 734
449, 618
449, 514
449, 1126
449, 966
449, 923
450, 1184
450, 802
451, 1120
451, 549
451, 986
451, 530
451, 602
451, 570
451, 624
451, 1009
451, 501
451, 712
451, 923
452, 695
452, 915
452, 513
452, 1238
453, 513
455, 695
456, 513
457, 519
460, 792
461, 758
462, 523
462, 1183
464, 905
465, 490
466, 540
467, 1155
468, 512
469, 872
470, 510
472, 511
472, 1212
473, 486
473, 495
474, 560
474, 661
475, 948
475, 512
475, 1049
476, 509
477, 801
477, 1062
477, 952
477, 1139
478, 1067
478, 646
478, 757
478, 596
478, 1204
478, 555
479, 648
480, 540
481, 1004
481, 489
481, 638
481, 772
481, 851
481, 698
482, 1073
483, 971
483, 788
484, 583
487, 513
488, 867
488, 850
488, 788
490, 630
490, 1086
490, 1176
490, 492
490, 829
490, 668
490, 718
490, 1057
490, 836
490, 767
490, 589
490, 923
490, 923
490, 1268
490, 900
490, 1250
490, 1053
490, 905
490, 716
490, 640
490, 953
490, 495
490, 510
490, 527
490, 936
490, 1096
490, 518
490, 580
491, 674
492, 804
492, 990
492, 988
492, 1264
493, 695
494, 933
495, 587
495, 984
495, 512
495, 951
495, 495
495, 1249
495, 516
495, 513
495, 714
495, 746
495, 904
496, 586
497, 1058
497, 1158
497, 871
497, 757
497, 794
497, 513
497, 1245
501, 604
502, 1093
504, 1117
505, 1099
506, 722
507, 974
507, 573
507, 930
507, 881
509, 1100
510, 661
510, 1106
510, 533
512, 923
512, 690
512, 548
512, 1066
512, 614
512, 1003
512, 1093
512, 757
512, 1134
512, 750
512, 734
512, 728
512, 516
512, 1011
512, 570
512, 741
513, 1143
513, 957
513, 1179
513, 1089
513, 845
513, 891
513, 567
513, 1182
513, 1192
513, 909
513, 997
513, 695
513, 1012
514, 706
514, 889
514, 948
515, 547
515, 702
515, 795
516, 661
516, 652
517, 752
517, 858
517, 620
518, 665
518, 941
518, 729
518, 832
518, 935
521, 641
521, 757
521, 933
521, 1166
521, 886
523, 1009
524, 619
524, 1019
525, 996
525, 603
527, 612
527, 626
529, 1088
531, 743
532, 989
532, 717
532, 1246
532, 543
532, 1132
532, 1062
532, 661
533, 1093
534, 608
535, 715
536, 962
537, 585
537, 1244
538, 668
539, 1036
544, 742
544, 877
544, 589
545, 814
547, 1056
552, 843
554, 772
556, 695
557, 601
558, 933
559, 970
560, 1153
562, 1104
566, 1198
568, 658
569, 1216
570, 616
570, 925
570, 706
570, 1199
571, 757
574, 765
577, 936
579, 900
582, 1131
583, 1254
585, 905
586, 803
587, 1101
588, 807
588, 695
589, 930
589, 668
591, 668
592, 951
595, 1252
596, 695
600, 923
602, 907
603, 980
603, 695
603, 1181
603, 885
603, 767
604, 727
604, 1117
605, 625
606, 904
607, 1140
610, 770
610, 1093
611, 1126
611, 827
613, 695
614, 645
614, 1020
614, 983
615, 1009
617, 1233
621, 989
622, 840
625, 1103
625, 923
625, 952
627, 664
628, 710
632, 923
633, 1093
633, 1166
637, 941
641, 1027
642, 1051
644, 1256
645, 743
645, 1134
645, 757
645, 936
647, 957
647, 987
648, 793
649, 668
651, 905
652, 1009
652, 792
652, 923
654, 668
656, 1168
661, 755
661, 1164
663, 904
665, 1211
665, 1076
665, 805
665, 1035
665, 998
667, 1010
668, 706
668, 937
668, 687
668, 1107
672, 923
677, 684
678, 791
679, 773
680, 1081
680, 1100
681, 735
681, 1134
687, 1168
689, 916
690, 695
690, 1122
692, 768
692, 733
693, 782
693, 1198
694, 1194
695, 723
695, 1100
695, 961
695, 818
695, 929
695, 1004
695, 873
695, 834
695, 1266
695, 1236
695, 1034
695, 922
695, 874
695, 733
695, 923
695, 736
695, 936
695, 1008
695, 722
695, 1061
695, 893
695, 914
695, 695
695, 1196
696, 900
697, 1019
701, 975
704, 743
708, 1057
711, 909
716, 990
719, 925
722, 923
724, 959
726, 992
726, 1129
731, 960
732, 964
733, 1181
733, 928
734, 856
735, 743
736, 1016
737, 833
739, 1005
739, 743
740, 749
743, 1035
743, 946
745, 922
747, 987
748, 1023
752, 1009
752, 1198
757, 1056
758, 1198
760, 881
760, 964
762, 936
762, 956
766, 862
767, 1046
767, 986
767, 1133
767, 948
773, 977
774, 936
776, 944
777, 955
780, 932
785, 1075
785, 990
787, 925
789, 900
791, 1078
793, 794
796, 1001
796, 1004
798, 1260
799, 1198
801, 917
812, 1004
816, 957
822, 830
824, 939
825, 1001
826, 931
827, 1259
827, 956
832, 990
835, 909
838, 1153
839, 1019
840, 1104
841, 880
842, 922
848, 965
849, 978
850, 923
852, 1098
853, 1042
854, 1270
857, 947
861, 910
865, 911
868, 935
870, 1056
870, 1267
872, 1100
890, 1027
892, 1017
894, 950
895, 948
896, 1083
899, 923
900, 943
900, 942
900, 1022
904, 1091
904, 1019
905, 1098
905, 1027
905, 1100
906, 1253
907, 1198
908, 1217
908, 1257
909, 1195
909, 1135
911, 1173
914, 1006
918, 1275
922, 1102
922, 1059
922, 1044
923, 1163
923, 1055
923, 1146
923, 958
923, 992
923, 993
923, 1242
923, 979
923, 931
924, 992
924, 1193
924, 1084
926, 1212
929, 1059
930, 1051
932, 1105
932, 1074
932, 1208
933, 1066
936, 1262
936, 1015
936, 1022
936, 986
937, 1093
939, 1226
939, 1093
939, 1066
939, 1198
939, 1198
939, 1198
941, 1022
941, 1012
942, 1165
944, 947
947, 1090
948, 1006
949, 988
952, 1117
952, 1251
954, 1031
954, 1100
956, 1085
963, 1051
972, 1121
972, 1124
981, 1100
982, 1108
982, 1042
986, 1063
986, 1033
986, 1198
988, 1052
988, 1007
989, 1084
994, 1119
996, 1245
997, 1015
1012, 1209
1013, 1185
1019, 1243
1020, 1086
1020, 1135
1021, 1094
1025, 1100
1027, 1098
1032, 1041
1046, 1127
1058, 1198
1059, 1198
1059, 1141
1074, 1245
1093, 1159
1093, 1189
1093, 1120
1093, 1188
1093, 1277
1100, 1156
1100, 1132
1114, 1127
1115, 1139
1117, 1172
1120, 1241
1127, 1258
1146, 1194
1161, 1172
1166, 1178
1172, 1273
1177, 1222
1219, 1225
1240, 1263
