0 0
2 0
17 0
18 0
24 0
25 0
26 0
27 0
28 0
29 0
30 0
34 0
35 0
37 0
38 0
39 0
40 0
41 0
46 0
47 0
48 0
49 0
50 0
54 0
55 0
58 0
59 0
62 0
67 0
68 0
69 0
70 0
71 0
73 0
74 0
75 0
76 0
77 0
78 0
79 0
80 0
81 0
84 0
85 0
98 0
99 0
100 0
101 0
102 0
103 0
104 0
105 0
106 0
107 0
109 0
110 0
111 0
113 0
120 0
122 0
123 0
124 0
125 0
126 0
127 0
128 0
130 0
131 0
132 0
133 0
134 0
135 0
136 0
137 0
138 0
139 0
140 0
141 0
142 0
145 0
152 0
153 0
154 0
158 0
159 0
160 0
161 0
162 0
163 0
164 0
165 0
169 0
170 0
171 0
172 0
173 0
174 0
175 0
176 0
177 0
179 0
185 0
186 0
187 0
188 0
190 0
191 0
192 0
193 0
196 0
197 0
198 0
199 0
200 0
201 0
205 0
206 0
208 0
209 0
215 0
218 0
219 0
220 0
223 0
227 0
242 0
243 0
244 0
245 0
265 0
267 0
268 0
269 0
270 0
278 0
279 0
280 0
282 0
286 0
289 0
291 0
292 0
293 0
296 0
298 0
303 0
304 0
305 0
306 0
307 0
308 0
314 0
315 0
316 0
317 0
320 0
321 0
322 0
323 0
324 0
325 0
326 0
328 0
329 0
330 0
331 0
333 0
334 0
335 0
336 0
340 0
344 0
345 0
347 0
348 0
349 0
350 0
358 0
359 0
360 0
361 0
364 0
365 0
366 0
367 0
368 0
369 0
375 0
376 0
377 0
382 0
384 0
385 0
386 0
394 0
395 0
397 0
398 0
399 0
400 0
405 0
406 0
410 0
411 0
412 0
413 0
418 0
420 0
421 0
422 0
423 0
424 0
1 1
3 1
4 1
5 1
6 1
7 1
8 1
9 1
10 1
11 1
12 1
13 1
14 1
15 1
16 1
19 1
20 1
21 1
22 1
23 1
31 1
32 1
33 1
36 1
42 1
43 1
44 1
45 1
51 1
52 1
53 1
56 1
57 1
60 1
61 1
63 1
64 1
65 1
66 1
72 1
82 1
83 1
86 1
87 1
88 1
89 1
90 1
91 1
92 1
93 1
94 1
95 1
96 1
97 1
108 1
112 1
114 1
115 1
116 1
117 1
118 1
119 1
121 1
129 1
143 1
144 1
146 1
147 1
148 1
149 1
150 1
151 1
155 1
156 1
157 1
166 1
167 1
168 1
178 1
180 1
181 1
182 1
183 1
184 1
189 1
194 1
195 1
202 1
203 1
204 1
207 1
210 1
211 1
212 1
213 1
214 1
216 1
217 1
221 1
222 1
224 1
225 1
226 1
228 1
229 1
230 1
231 1
232 1
233 1
234 1
235 1
236 1
237 1
238 1
239 1
240 1
241 1
246 1
247 1
248 1
249 1
250 1
251 1
252 1
253 1
254 1
255 1
256 1
257 1
258 1
259 1
260 1
261 1
262 1
263 1
264 1
266 1
271 1
272 1
273 1
274 1
275 1
276 1
277 1
281 1
283 1
284 1
285 1
287 1
288 1
290 1
294 1
295 1
297 1
299 1
300 1
301 1
302 1
309 1
310 1
311 1
312 1
313 1
318 1
319 1
327 1
332 1
337 1
338 1
339 1
341 1
342 1
343 1
346 1
351 1
352 1
353 1
354 1
355 1
356 1
357 1
362 1
363 1
370 1
371 1
372 1
373 1
374 1
378 1
379 1
380 1
381 1
383 1
387 1
388 1
389 1
390 1
391 1
392 1
393 1
396 1
401 1
402 1
403 1
404 1
407 1
408 1
409 1
414 1
415 1
416 1
417 1
419 1
