0, 593
0, 407
0, 743
1, 734
1, 60
2, 744
2, 801
2, 688
3, 403
4, 1276
4, 40
4, 231
5, 142
6, 735
6, 310
7, 442
7, 106
9, 114
9, 1003
9, 47
9, 447
10, 932
10, 1250
10, 1024
10, 29
11, 640
11, 754
12, 583
14, 1076
14, 437
15, 999
16, 936
16, 1153
17, 1277
17, 156
17, 222
18, 530
18, 391
18, 684
19, 472
19, 1277
20, 1132
21, 1190
21, 362
21, 887
22, 81
22, 71
22, 749
22, 1100
22, 854
22, 308
22, 1009
22, 300
23, 869
24, 177
24, 932
25, 821
25, 110
26, 1065
26, 666
26, 1141
28, 1222
29, 185
29, 1222
29, 331
29, 976
30, 565
30, 573
30, 637
31, 1021
31, 1216
31, 937
32, 463
32, 688
32, 538
34, 805
34, 733
34, 494
34, 191
36, 489
36, 102
37, 1265
38, 407
38, 794
38, 817
39, 663
39, 779
39, 267
40, 440
40, 184
40, 75
40, 339
41, 826
41, 418
41, 513
42, 262
42, 880
42, 1162
42, 930
42, 575
42, 1147
43, 500
43, 650
44, 76
44, 1191
44, 143
45, 1262
45, 1218
45, 625
45, 102
45, 219
47, 1044
47, 951
47, 218
47, 334
47, 913
48, 1258
48, 1140
49, 936
49, 1024
49, 1273
51, 1105
51, 687
51, 793
51, 738
51, 1229
52, 435
52, 266
52, 257
53, 999
53, 794
53, 241
53, 711
53, 1150
53, 517
54, 58
55, 117
55, 633
56, 424
56, 426
56, 1017
57, 676
57, 983
57, 982
58, 1257
58, 1233
58, 293
58, 1068
59, 387
59, 290
59, 985
60, 631
60, 926
60, 152
61, 65
61, 528
61, 504
63, 778
63, 995
63, 323
64, 209
64, 520
64, 271
64, 1012
64, 674
65, 840
65, 909
65, 768
66, 243
66, 962
66, 559
67, 390
68, 608
68, 1041
68, 249
68, 747
68, 929
69, 1066
69, 1134
70, 187
70, 1016
70, 1080
71, 119
71, 207
71, 809
71, 567
71, 310
71, 753
71, 255
72, 963
72, 684
72, 1227
72, 557
73, 756
73, 206
75, 1245
75, 436
76, 1271
76, 231
76, 1247
76, 685
77, 952
77, 300
77, 1226
78, 296
78, 656
78, 831
78, 662
78, 491
79, 1050
79, 1150
79, 954
80, 1041
80, 725
80, 677
80, 1234
81, 306
82, 949
83, 652
84, 122
84, 693
84, 324
85, 373
85, 1110
85, 302
85, 784
85, 463
86, 682
86, 641
87, 596
87, 125
87, 650
88, 1132
88, 151
88, 246
88, 1080
88, 748
88, 1153
88, 919
89, 355
89, 267
89, 1178
91, 1086
91, 732
91, 871
91, 201
92, 980
92, 1081
93, 681
93, 1254
94, 932
94, 685
94, 985
95, 1062
95, 460
95, 988
95, 652
95, 166
96, 672
96, 743
96, 661
96, 177
96, 881
97, 280
97, 1063
97, 1087
99, 206
99, 715
99, 249
100, 599
100, 1073
100, 477
102, 152
102, 915
102, 1245
102, 640
102, 782
102, 861
103, 1046
103, 252
103, 278
103, 111
103, 1257
103, 498
103, 190
104, 373
104, 129
105, 968
105, 1258
105, 175
107, 613
109, 599
109, 265
110, 136
110, 274
110, 1126
111, 388
111, 158
112, 1190
112, 240
112, 490
112, 191
112, 1192
113, 715
113, 398
115, 271
115, 720
115, 335
115, 492
115, 708
115, 1002
116, 370
116, 421
116, 852
117, 237
117, 713
118, 1203
118, 1237
120, 176
120, 1276
120, 1222
120, 1163
120, 498
120, 659
120, 507
121, 816
123, 1246
123, 606
123, 1046
124, 203
124, 620
124, 364
124, 1273
125, 1263
125, 166
126, 688
126, 662
128, 899
128, 528
128, 473
128, 1251
128, 918
129, 945
130, 385
130, 1061
131, 788
131, 1165
131, 603
132, 255
132, 867
133, 712
133, 361
133, 1107
134, 992
134, 969
134, 928
135, 476
135, 771
136, 790
137, 345
137, 1241
138, 505
138, 611
139, 832
139, 879
139, 735
139, 168
140, 846
140, 472
141, 835
141, 965
141, 780
141, 703
142, 1242
142, 976
142, 226
142, 680
143, 154
144, 250
144, 262
144, 1234
144, 811
145, 587
145, 950
145, 243
146, 850
146, 1140
147, 919
147, 266
148, 1124
150, 685
151, 974
151, 338
151, 1146
151, 877
152, 757
154, 685
154, 678
154, 886
156, 998
156, 1036
157, 586
157, 491
157, 217
157, 182
160, 1022
160, 670
160, 1034
161, 571
161, 672
162, 1108
162, 646
162, 738
162, 1124
163, 539
163, 723
164, 493
164, 562
164, 557
164, 355
165, 457
166, 481
166, 1210
166, 891
166, 723
166, 848
167, 1009
167, 353
167, 391
168, 605
168, 257
169, 1223
169, 924
169, 853
169, 1147
169, 778
170, 723
170, 538
170, 714
170, 780
170, 211
172, 995
173, 523
173, 469
173, 1042
173, 763
174, 642
174, 1147
175, 842
175, 521
175, 741
175, 1237
177, 770
177, 558
177, 411
178, 494
178, 817
179, 1237
179, 296
179, 1215
179, 1274
179, 796
180, 779
180, 996
180, 979
180, 1182
181, 344
182, 996
182, 921
182, 855
182, 305
183, 614
183, 653
184, 767
184, 1053
184, 928
185, 1080
185, 862
185, 982
186, 857
186, 390
186, 941
186, 506
187, 1027
187, 509
187, 1015
188, 395
188, 957
191, 204
191, 1001
192, 352
192, 743
192, 552
192, 327
192, 777
193, 384
193, 347
193, 473
194, 1163
195, 443
195, 260
196, 367
196, 1251
196, 995
196, 1002
197, 976
197, 650
197, 1256
197, 374
198, 824
199, 575
199, 1258
199, 717
200, 439
200, 1031
201, 495
201, 654
201, 1060
202, 885
202, 1199
202, 264
202, 391
202, 1145
203, 868
203, 680
205, 591
205, 597
206, 924
206, 664
206, 712
206, 880
207, 1201
207, 322
208, 1131
209, 1133
210, 820
210, 1187
210, 1119
211, 770
211, 235
213, 848
213, 1212
213, 651
214, 975
214, 1049
215, 803
216, 515
216, 363
216, 1194
217, 1096
218, 938
218, 531
219, 1213
219, 937
219, 945
219, 617
219, 670
219, 914
219, 334
219, 512
219, 1224
219, 389
219, 758
219, 534
220, 1150
221, 1076
221, 447
221, 521
222, 717
222, 387
222, 957
223, 287
224, 659
224, 756
224, 514
226, 524
226, 586
227, 456
227, 427
229, 714
229, 490
229, 292
229, 1068
229, 922
231, 1152
231, 233
231, 1157
232, 524
232, 1217
232, 680
232, 983
233, 430
233, 1072
234, 1030
234, 1079
234, 380
234, 1112
234, 502
235, 1237
236, 793
236, 266
236, 665
237, 355
237, 1044
237, 1160
238, 679
238, 752
240, 545
240, 268
241, 515
241, 367
241, 533
241, 860
242, 1243
243, 644
244, 877
244, 621
246, 465
246, 683
248, 754
248, 745
248, 808
249, 832
249, 664
250, 1224
250, 1220
251, 752
251, 626
251, 546
251, 1076
253, 1089
253, 959
253, 974
254, 1066
254, 448
255, 738
255, 1231
255, 841
255, 449
256, 574
256, 1141
256, 365
256, 766
256, 920
257, 527
259, 400
259, 824
259, 405
260, 529
261, 286
261, 699
261, 1062
262, 756
263, 373
263, 934
264, 1178
264, 986
266, 434
266, 778
266, 527
267, 819
267, 1041
268, 557
268, 1187
269, 1100
270, 609
270, 603
270, 1103
271, 358
271, 549
271, 945
272, 438
272, 860
273, 913
273, 329
274, 1084
274, 1056
274, 706
274, 1230
275, 1110
276, 1213
277, 890
278, 1135
278, 1271
278, 1005
278, 878
280, 1247
280, 984
280, 999
281, 621
282, 581
283, 597
283, 1005
284, 401
285, 838
285, 332
285, 1223
286, 339
286, 321
286, 884
286, 641
287, 430
288, 945
288, 401
288, 1031
289, 1008
289, 535
289, 946
290, 1060
291, 1153
291, 1219
291, 314
291, 1156
291, 594
292, 318
292, 1249
292, 1203
293, 460
293, 748
294, 1129
294, 1170
294, 854
294, 313
296, 999
296, 1205
296, 513
296, 1101
297, 754
297, 962
297, 766
297, 565
297, 577
297, 692
298, 695
298, 1189
300, 605
300, 303
301, 1029
301, 346
301, 348
301, 632
302, 895
302, 1058
303, 1277
303, 870
303, 566
304, 1092
304, 1028
304, 611
304, 623
304, 874
305, 637
305, 1251
305, 1234
306, 795
306, 366
307, 342
307, 963
308, 1229
308, 1169
308, 1239
309, 1201
309, 1077
310, 915
310, 390
311, 397
311, 369
311, 666
313, 407
313, 816
313, 1257
314, 1235
314, 1030
314, 1189
315, 1130
316, 852
317, 609
317, 1164
317, 505
317, 1235
318, 415
318, 1089
318, 654
318, 414
318, 386
318, 975
318, 618
318, 566
319, 971
320, 791
320, 896
320, 476
321, 834
321, 860
322, 596
322, 997
322, 539
323, 973
323, 1127
324, 804
324, 415
325, 512
325, 580
326, 1148
327, 1080
327, 339
328, 1177
329, 330
329, 948
330, 1196
330, 753
330, 597
331, 455
331, 525
331, 429
331, 595
332, 354
332, 751
332, 550
332, 499
333, 819
334, 633
334, 675
334, 744
335, 618
335, 698
335, 460
336, 928
336, 773
336, 1184
337, 666
338, 1150
338, 1046
338, 536
338, 689
341, 623
342, 428
343, 605
344, 600
344, 916
346, 858
346, 551
346, 627
346, 1045
347, 465
348, 462
348, 992
349, 973
350, 628
350, 497
353, 998
354, 1251
354, 1011
354, 507
354, 450
355, 752
355, 734
356, 1127
356, 556
356, 815
357, 933
357, 414
358, 866
360, 1032
360, 723
360, 714
361, 921
361, 1199
363, 922
363, 412
363, 576
363, 1125
364, 1276
364, 790
364, 925
364, 388
364, 833
366, 942
366, 818
366, 1210
366, 1108
368, 786
369, 1119
370, 1022
370, 1198
371, 937
371, 1255
371, 1173
372, 478
372, 1038
372, 725
372, 1027
372, 859
372, 860
372, 694
373, 1102
374, 421
374, 1087
374, 664
375, 1212
375, 1147
376, 722
376, 1085
376, 552
376, 1162
376, 852
377, 550
377, 600
378, 662
379, 897
380, 544
380, 503
382, 828
382, 767
382, 830
383, 994
383, 450
384, 677
384, 1241
385, 986
385, 445
386, 698
387, 755
387, 836
388, 948
388, 1002
388, 1041
388, 1178
389, 656
389, 1189
389, 857
389, 1237
389, 826
390, 1120
391, 1223
391, 518
392, 1074
392, 839
392, 876
393, 569
393, 823
394, 630
395, 1020
395, 718
396, 1172
396, 982
396, 543
396, 701
397, 511
398, 1097
398, 821
399, 923
400, 632
401, 666
402, 410
402, 1011
403, 1229
404, 1003
405, 1237
405, 1265
406, 658
406, 764
407, 420
407, 826
408, 765
409, 789
410, 886
412, 784
413, 722
414, 662
415, 1093
415, 657
415, 869
417, 1223
417, 800
418, 1030
418, 456
421, 1113
422, 743
423, 683
423, 1098
425, 989
425, 1071
425, 637
425, 935
426, 792
426, 828
426, 616
426, 983
426, 993
426, 584
427, 1187
427, 853
428, 902
429, 1078
429, 551
429, 972
430, 466
431, 486
431, 749
431, 810
432, 1238
432, 856
432, 1004
433, 883
434, 834
434, 469
434, 760
435, 860
435, 615
436, 1128
437, 1094
437, 849
438, 659
439, 899
440, 812
440, 1154
440, 1196
440, 1004
441, 1105
441, 696
442, 459
442, 834
442, 781
443, 683
443, 1188
443, 539
444, 600
444, 1019
444, 704
445, 601
445, 995
445, 1165
446, 1031
446, 576
446, 707
447, 861
447, 588
447, 1158
447, 1237
449, 699
449, 482
449, 1027
450, 723
451, 737
451, 729
453, 921
453, 1121
453, 1268
454, 1192
454, 577
455, 835
455, 854
455, 1177
455, 706
456, 766
457, 1271
457, 730
457, 620
458, 838
458, 830
459, 757
459, 560
460, 599
460, 572
460, 1015
460, 834
460, 836
461, 973
461, 870
461, 1019
462, 729
463, 1268
463, 1012
463, 833
463, 1066
464, 633
465, 859
465, 1239
466, 934
466, 1275
466, 684
467, 881
469, 1177
469, 778
472, 579
473, 773
474, 1011
474, 1033
475, 1141
476, 709
477, 760
477, 524
477, 979
477, 1172
477, 1276
478, 669
479, 1252
479, 1072
480, 1074
481, 888
481, 689
481, 538
481, 1035
482, 586
483, 1240
483, 1199
484, 781
484, 897
484, 1241
484, 1031
485, 809
486, 1019
486, 1242
487, 918
488, 597
488, 643
488, 1192
489, 1187
489, 661
489, 974
490, 611
491, 1247
491, 1077
493, 780
493, 784
493, 830
494, 741
494, 707
494, 966
494, 1104
495, 933
495, 511
495, 659
497, 1080
497, 914
498, 1226
498, 608
499, 1000
499, 761
499, 960
500, 973
500, 794
500, 828
501, 1157
501, 639
502, 575
504, 1207
505, 1135
505, 1218
505, 1231
507, 1052
507, 1111
508, 702
508, 858
508, 756
509, 1177
509, 930
509, 748
509, 1149
510, 1230
510, 878
510, 897
510, 810
510, 696
511, 936
511, 683
512, 1164
512, 657
513, 1146
516, 1196
516, 1064
517, 1173
517, 977
517, 807
519, 654
520, 545
521, 635
521, 693
523, 792
523, 904
523, 1275
523, 1179
523, 701
523, 1155
524, 781
524, 804
525, 1094
525, 893
525, 853
525, 552
526, 1239
526, 594
526, 583
527, 942
528, 778
529, 636
533, 1114
533, 557
534, 535
537, 670
537, 1082
537, 1206
537, 1211
538, 889
538, 659
539, 649
539, 543
539, 719
539, 870
539, 980
540, 1011
541, 851
542, 974
542, 1162
543, 1151
543, 966
544, 613
544, 772
545, 1000
545, 914
545, 1116
546, 808
548, 1182
548, 869
548, 822
548, 954
549, 583
549, 804
549, 1167
549, 1084
550, 909
551, 893
551, 553
552, 764
553, 1158
553, 814
553, 1080
556, 643
556, 948
557, 897
558, 805
560, 1241
561, 581
562, 1011
563, 1183
564, 728
564, 698
565, 1016
565, 807
565, 1109
566, 850
566, 869
567, 1104
567, 570
568, 689
569, 1243
569, 709
570, 799
570, 722
570, 790
570, 916
572, 1189
574, 751
575, 1163
575, 908
577, 747
580, 883
580, 1276
580, 715
580, 596
581, 1259
581, 1018
582, 615
583, 587
584, 674
585, 665
585, 1066
585, 919
585, 1040
585, 928
586, 607
586, 867
586, 860
586, 1076
586, 1216
587, 658
587, 731
588, 1028
588, 1268
588, 1009
589, 893
590, 902
590, 957
591, 656
591, 991
593, 916
593, 598
594, 610
595, 1261
595, 1092
596, 657
596, 626
598, 637
598, 831
598, 1099
598, 1086
598, 1200
599, 928
599, 893
600, 726
600, 1123
601, 1074
601, 1219
602, 1018
602, 1166
605, 772
605, 749
605, 1036
606, 634
607, 1085
609, 1183
610, 1141
611, 686
611, 1103
611, 1117
612, 780
612, 1221
613, 675
613, 962
613, 972
613, 716
614, 715
614, 1179
615, 951
615, 1260
616, 646
617, 757
618, 1226
618, 999
618, 960
619, 748
620, 1174
621, 658
621, 900
623, 679
623, 1120
623, 1157
624, 799
625, 988
626, 762
626, 681
627, 673
627, 846
627, 668
627, 882
628, 1214
629, 1029
629, 788
629, 1115
631, 1118
631, 655
631, 1127
633, 1030
633, 1191
634, 735
634, 1136
635, 943
635, 772
636, 999
637, 839
637, 943
637, 983
638, 1017
639, 1127
640, 702
640, 1011
640, 963
640, 1260
641, 1086
642, 750
642, 823
642, 1201
642, 984
643, 1023
643, 688
643, 909
644, 974
645, 852
646, 733
647, 977
648, 837
649, 1105
650, 929
652, 829
652, 945
652, 944
653, 1263
654, 787
655, 992
655, 1085
656, 1099
656, 1225
658, 829
659, 1005
659, 1150
659, 1143
661, 1041
661, 1085
663, 819
664, 753
664, 1039
665, 1134
665, 729
666, 1104
667, 932
668, 1026
669, 733
671, 1014
672, 1112
672, 1109
673, 759
674, 1143
674, 1210
674, 762
678, 841
678, 959
679, 749
681, 1193
681, 1033
681, 1151
682, 1214
682, 701
683, 818
683, 1071
683, 1181
685, 841
690, 1199
690, 1037
691, 850
691, 731
691, 1087
693, 1060
694, 952
694, 1217
694, 771
694, 1138
694, 844
695, 786
696, 1019
697, 1232
699, 866
699, 907
700, 1082
701, 835
702, 898
702, 827
703, 1070
704, 932
704, 814
705, 823
706, 778
709, 796
710, 947
712, 1216
714, 771
715, 892
717, 1242
717, 1165
720, 1001
720, 1276
722, 902
722, 818
722, 806
723, 1251
724, 1277
724, 1020
725, 1170
725, 908
725, 749
726, 1271
726, 1092
727, 1023
727, 1058
728, 757
729, 829
730, 837
731, 859
731, 1074
732, 1140
732, 945
732, 766
736, 1148
737, 806
737, 908
738, 781
738, 1156
738, 1002
740, 1113
740, 953
741, 769
741, 1084
741, 1090
742, 913
743, 906
743, 1011
744, 871
744, 1051
746, 1243
746, 1180
748, 857
749, 1111
750, 1225
753, 969
753, 996
754, 889
756, 983
756, 1059
756, 1146
757, 1214
758, 871
760, 1098
762, 1149
762, 1111
762, 804
764, 962
764, 801
765, 1211
765, 884
765, 879
766, 1073
769, 1168
770, 965
770, 843
772, 1230
774, 817
775, 1061
776, 1174
778, 1100
778, 1191
778, 903
779, 1182
779, 1274
781, 830
782, 800
782, 1060
783, 1180
783, 784
784, 1146
784, 909
784, 1183
785, 1146
785, 1137
785, 981
786, 810
787, 789
788, 1088
789, 916
790, 889
791, 837
791, 1100
792, 1233
792, 1014
792, 898
793, 1216
795, 1117
800, 1000
804, 1169
807, 1060
809, 1236
810, 1044
811, 1174
811, 850
813, 1028
813, 1045
813, 860
817, 1266
818, 1247
822, 938
822, 984
823, 825
825, 1250
826, 1137
827, 921
829, 1002
830, 885
831, 967
835, 1015
835, 858
835, 901
835, 961
837, 937
838, 1193
839, 1150
840, 870
840, 1219
840, 1244
842, 872
844, 915
846, 989
847, 1192
847, 1220
847, 1052
848, 1119
848, 1139
849, 1030
849, 1167
850, 1141
851, 856
852, 981
853, 1188
853, 981
853, 998
853, 1045
853, 1030
858, 966
859, 1229
859, 1022
860, 1098
860, 911
862, 1243
864, 1073
864, 887
866, 1203
870, 1033
870, 900
871, 915
872, 1265
872, 1002
872, 1053
872, 1251
874, 1155
875, 1104
876, 924
876, 958
877, 1009
878, 1101
880, 883
881, 1232
883, 1080
885, 1020
890, 948
890, 1021
892, 1041
893, 1203
894, 974
894, 1133
895, 1112
896, 1025
896, 1058
897, 1159
898, 1167
899, 1243
900, 949
900, 1213
900, 1033
901, 1107
904, 1226
905, 1123
906, 1127
909, 1181
909, 1062
911, 1218
912, 1141
914, 1010
914, 1096
916, 1135
919, 1153
919, 1118
921, 1088
921, 996
922, 1043
922, 1089
926, 1145
928, 934
928, 988
929, 1197
931, 947
933, 1276
935, 1214
936, 1119
937, 1104
938, 1179
938, 1251
941, 1207
942, 1015
943, 1107
944, 1038
945, 1224
947, 987
947, 1049
947, 1172
949, 1226
949, 1149
951, 1093
952, 1017
954, 979
955, 992
960, 974
960, 1119
962, 1229
962, 1008
963, 1264
963, 1117
963, 990
965, 1113
967, 1057
970, 1267
970, 1089
970, 1063
971, 1202
973, 1102
974, 1209
975, 1192
978, 1225
979, 1270
979, 1202
980, 1126
980, 1143
988, 1167
988, 1128
990, 1267
990, 1063
990, 1128
991, 1254
993, 1178
994, 1145
997, 1162
998, 1054
999, 1079
999, 1185
1001, 1133
1001, 1277
1002, 1060
1002, 1128
1004, 1013
1006, 1111
1007, 1084
1009, 1219
1012, 1041
1012, 1096
1015, 1275
1015, 1181
1016, 1142
1016, 1158
1017, 1066
1018, 1048
1018, 1204
1019, 1181
1019, 1097
1022, 1174
1023, 1060
1027, 1241
1032, 1125
1032, 1277
1033, 1132
1036, 1268
1038, 1204
1039, 1277
1045, 1235
1045, 1082
1046, 1059
1047, 1080
1052, 1061
1054, 1172
1055, 1071
1056, 1081
1057, 1132
1058, 1082
1063, 1162
1065, 1145
1068, 1115
1071, 1205
1071, 1259
1074, 1269
1077, 1240
1079, 1194
1082, 1223
1082, 1130
1086, 1156
1088, 1234
1090, 1165
1091, 1128
1095, 1111
1096, 1247
1104, 1250
1105, 1266
1116, 1166
1125, 1261
1133, 1209
1134, 1247
1137, 1138
1139, 1167
1143, 1174
1145, 1208
1146, 1154
1148, 1261
1157, 1206
1171, 1273
1178, 1219
1187, 1263
1191, 1237
1197, 1258
1212, 1248
1218, 1248
1224, 1265
1233, 1249
1250, 1258
1256, 1259
