0, 929
1, 561
1, 699
1, 950
2, 646
2, 733
2, 861
3, 391
3, 418
3, 755
3, 939
3, 1243
4, 196
4, 595
4, 982
4, 1066
5, 16
5, 46
5, 475
5, 1249
6, 465
6, 505
6, 597
7, 324
8, 33
8, 350
8, 735
8, 833
8, 912
9, 1205
10, 22
11, 100
11, 365
11, 385
11, 532
11, 569
11, 858
11, 1258
13, 185
13, 569
13, 751
14, 489
14, 991
15, 595
15, 744
15, 790
16, 256
16, 811
16, 1105
17, 486
17, 727
17, 882
18, 134
18, 1221
19, 366
19, 383
19, 1220
20, 95
20, 183
20, 590
21, 1264
22, 97
23, 621
24, 313
24, 391
24, 410
24, 1154
25, 1118
25, 1191
26, 178
26, 1200
27, 212
27, 457
27, 918
27, 962
27, 963
27, 986
27, 1162
28, 462
28, 814
28, 1128
29, 539
29, 1045
30, 551
30, 859
30, 1012
30, 1118
30, 1222
31, 49
31, 612
31, 1255
32, 424
32, 1046
32, 1104
33, 767
35, 807
35, 917
35, 1176
36, 216
36, 591
36, 1182
37, 43
37, 118
37, 248
37, 367
37, 426
37, 743
38, 45
38, 815
39, 416
39, 787
40, 486
40, 709
40, 1088
41, 96
41, 141
41, 400
41, 447
41, 473
41, 669
43, 1062
44, 1215
45, 121
45, 273
45, 1142
46, 267
46, 283
46, 629
46, 960
47, 59
47, 667
47, 771
47, 1216
48, 585
48, 789
48, 1034
48, 1086
48, 1217
48, 1256
49, 105
49, 254
49, 458
49, 766
49, 958
49, 1268
50, 303
50, 553
50, 790
50, 794
51, 175
51, 191
51, 834
52, 448
53, 283
53, 297
53, 770
53, 1226
53, 1263
54, 141
54, 201
55, 263
55, 662
56, 204
56, 221
56, 278
56, 917
56, 1006
56, 1062
56, 1075
56, 1153
57, 217
57, 307
57, 694
57, 935
57, 1174
58, 990
58, 997
59, 355
59, 641
59, 760
61, 275
61, 317
61, 402
61, 989
62, 229
62, 407
62, 855
62, 1171
63, 1234
64, 316
64, 503
64, 974
64, 1003
65, 209
65, 239
65, 559
65, 1255
66, 110
66, 258
66, 469
66, 656
66, 1033
66, 1243
67, 195
67, 401
67, 772
67, 849
67, 906
68, 260
68, 504
68, 833
69, 644
69, 1053
71, 153
71, 500
71, 529
71, 649
71, 756
71, 1003
71, 1069
71, 1144
72, 147
72, 232
72, 429
73, 428
73, 766
74, 265
74, 561
75, 253
76, 550
76, 730
76, 813
77, 398
78, 181
79, 575
79, 1035
79, 1215
79, 1240
80, 576
80, 664
80, 950
80, 1050
81, 441
81, 1168
82, 113
82, 352
82, 575
83, 641
83, 861
83, 1120
84, 390
84, 666
84, 705
84, 841
85, 251
85, 875
85, 1151
86, 229
86, 725
86, 1061
86, 1067
86, 1207
87, 724
87, 934
88, 266
89, 345
89, 440
89, 441
89, 470
89, 541
89, 735
89, 981
89, 1027
90, 628
90, 631
91, 974
91, 1216
91, 1233
92, 358
92, 912
92, 950
93, 279
93, 724
93, 857
94, 207
94, 239
94, 744
94, 898
95, 407
95, 527
96, 314
96, 671
97, 467
97, 652
97, 1133
97, 1186
98, 101
98, 536
99, 1230
100, 410
100, 572
101, 676
101, 927
102, 165
102, 515
102, 955
102, 1005
102, 1059
102, 1079
103, 670
103, 676
103, 699
103, 788
103, 1132
103, 1164
103, 1195
104, 115
105, 416
105, 769
106, 600
106, 650
107, 441
107, 826
107, 1271
108, 232
108, 864
108, 888
108, 893
108, 964
110, 170
110, 338
110, 522
110, 664
110, 990
111, 461
112, 225
112, 647
112, 902
113, 139
113, 442
113, 824
113, 1081
114, 934
114, 1163
115, 379
115, 968
116, 119
116, 188
116, 711
116, 804
116, 1044
116, 1103
116, 1165
117, 197
117, 849
117, 954
117, 1175
118, 345
118, 375
118, 897
119, 491
119, 808
119, 879
120, 206
120, 221
120, 821
121, 362
122, 273
122, 499
122, 904
122, 1125
123, 206
123, 700
124, 230
124, 831
124, 885
125, 331
125, 1050
126, 361
126, 914
126, 1037
126, 1199
127, 701
127, 783
127, 949
127, 1195
128, 254
128, 325
128, 925
129, 1034
130, 427
130, 985
131, 455
132, 611
133, 695
133, 767
133, 1267
134, 174
134, 1122
135, 271
135, 417
135, 594
135, 675
136, 619
136, 648
136, 868
136, 1037
137, 527
137, 830
137, 1145
138, 265
138, 1088
139, 241
139, 253
139, 838
139, 1145
140, 641
140, 845
141, 203
141, 522
141, 678
141, 999
142, 233
143, 701
144, 151
144, 396
145, 200
145, 317
145, 730
145, 813
145, 1194
146, 405
148, 407
148, 696
148, 984
148, 1210
149, 639
149, 1179
150, 472
151, 181
151, 191
151, 425
151, 954
151, 1259
152, 985
152, 990
152, 1024
153, 691
154, 629
155, 156
155, 169
155, 822
155, 978
156, 376
156, 1126
156, 1154
156, 1254
157, 227
157, 693
157, 761
157, 1015
158, 219
158, 399
158, 411
158, 1222
159, 529
159, 722
160, 274
161, 266
161, 368
161, 676
161, 689
161, 787
161, 1197
162, 167
162, 407
163, 371
163, 528
163, 537
163, 604
163, 614
163, 860
163, 873
164, 292
164, 1212
165, 683
165, 782
165, 1008
166, 265
166, 881
166, 953
167, 185
167, 282
167, 431
167, 488
167, 872
169, 302
170, 376
170, 561
170, 592
170, 608
170, 1252
171, 295
171, 545
171, 771
173, 239
173, 1158
174, 274
174, 1243
177, 634
177, 908
178, 184
178, 459
178, 739
178, 862
178, 881
179, 585
179, 693
179, 863
180, 859
180, 1226
181, 258
181, 302
181, 385
181, 696
181, 939
182, 924
183, 513
183, 668
184, 640
185, 233
185, 974
186, 250
186, 1218
187, 1156
188, 565
188, 729
188, 959
188, 1251
189, 560
190, 599
190, 1207
191, 513
191, 981
192, 300
192, 679
192, 1115
193, 517
193, 854
194, 449
194, 1137
194, 1269
195, 1108
196, 605
196, 817
197, 315
197, 345
197, 645
197, 900
198, 206
198, 293
198, 311
198, 608
198, 640
199, 751
199, 821
200, 380
200, 586
200, 736
201, 338
201, 682
202, 381
202, 507
203, 375
204, 633
205, 749
205, 793
205, 1159
205, 1248
206, 536
206, 960
207, 878
207, 1127
208, 328
208, 376
208, 617
209, 939
210, 657
210, 828
210, 832
210, 1026
210, 1116
212, 273
212, 928
213, 805
214, 269
214, 273
214, 294
214, 1193
216, 228
216, 320
216, 469
216, 490
216, 689
216, 860
217, 350
217, 558
217, 1148
218, 335
218, 510
218, 1167
219, 689
219, 782
219, 1008
220, 679
220, 839
221, 254
221, 408
221, 1210
222, 365
222, 497
222, 839
222, 894
222, 913
222, 934
222, 1084
222, 1165
222, 1208
223, 353
223, 1148
223, 1220
224, 234
224, 617
224, 710
225, 389
225, 732
225, 751
226, 1112
228, 431
228, 507
228, 1030
228, 1114
228, 1194
229, 675
230, 655
230, 734
230, 814
231, 511
231, 1052
232, 908
234, 248
235, 369
235, 807
235, 881
236, 1001
237, 1137
238, 754
239, 537
239, 854
240, 579
241, 409
241, 845
241, 900
242, 569
242, 714
243, 643
245, 452
245, 497
245, 1129
246, 401
246, 789
246, 1042
247, 673
248, 1244
250, 423
251, 355
251, 492
251, 686
251, 881
251, 995
251, 1151
252, 563
252, 1063
252, 1080
253, 386
253, 637
253, 646
253, 940
254, 609
254, 833
255, 514
255, 550
255, 618
255, 631
255, 1016
255, 1256
257, 667
258, 301
258, 393
259, 847
260, 495
260, 571
260, 611
260, 708
260, 995
261, 392
261, 461
262, 295
262, 518
262, 746
262, 751
262, 821
263, 1211
265, 520
265, 730
265, 1093
266, 805
267, 752
268, 390
268, 693
268, 824
268, 828
268, 1069
269, 379
269, 775
270, 518
270, 602
270, 662
270, 1176
271, 511
272, 724
274, 900
275, 442
275, 871
275, 1198
276, 642
277, 391
277, 777
278, 1265
279, 547
279, 701
279, 1213
280, 402
280, 764
282, 906
283, 807
284, 359
284, 396
284, 1063
284, 1164
285, 658
285, 1043
286, 348
286, 638
286, 715
286, 830
286, 1079
287, 380
287, 626
287, 903
288, 998
288, 1107
288, 1167
289, 439
289, 470
289, 955
290, 519
290, 961
290, 1165
291, 443
291, 1023
292, 319
292, 370
292, 740
294, 936
295, 546
295, 550
295, 681
296, 882
296, 1106
297, 792
297, 1146
299, 458
299, 533
299, 742
299, 1070
300, 416
300, 526
300, 882
300, 1004
300, 1031
302, 588
302, 708
303, 649
303, 848
303, 1091
304, 563
304, 716
304, 1071
305, 550
305, 1239
306, 516
306, 720
306, 816
307, 1113
307, 1235
308, 438
308, 615
308, 1187
309, 314
309, 855
310, 364
310, 706
310, 733
311, 397
312, 445
312, 638
313, 578
314, 511
314, 515
314, 777
314, 1262
315, 1059
316, 641
316, 871
317, 902
317, 1270
318, 351
318, 913
318, 1231
319, 713
319, 835
319, 981
320, 764
320, 1051
320, 1132
320, 1166
321, 324
321, 1006
322, 609
322, 632
323, 430
323, 914
323, 1126
324, 636
324, 928
325, 904
325, 932
326, 444
326, 1086
326, 1258
327, 418
327, 640
327, 818
328, 789
328, 791
328, 814
328, 1025
329, 490
330, 1077
331, 571
331, 707
331, 921
331, 937
332, 947
333, 1170
334, 760
335, 391
335, 1068
336, 623
337, 424
337, 606
337, 617
338, 373
339, 542
339, 793
339, 1253
340, 698
340, 1253
341, 965
341, 1112
342, 768
343, 354
343, 827
343, 855
344, 619
344, 910
344, 953
347, 416
347, 560
347, 764
348, 503
348, 687
348, 876
350, 457
350, 1120
351, 809
352, 356
353, 542
353, 1045
353, 1069
353, 1192
354, 638
354, 658
354, 722
354, 747
355, 710
356, 819
357, 545
357, 905
357, 1023
358, 363
358, 767
358, 978
359, 579
359, 651
359, 957
359, 1034
360, 1123
361, 408
361, 744
361, 1058
362, 1259
363, 692
363, 733
363, 1262
364, 618
365, 542
365, 659
365, 1187
366, 397
366, 601
366, 1181
368, 453
368, 652
370, 408
370, 548
370, 680
370, 1198
371, 1154
372, 484
372, 1244
374, 996
374, 1224
375, 882
376, 757
376, 925
376, 966
376, 1168
377, 378
377, 568
378, 508
378, 1138
378, 1225
379, 427
379, 711
380, 500
380, 802
382, 480
382, 763
382, 774
382, 1073
382, 1091
383, 770
383, 856
385, 813
385, 869
385, 929
385, 1222
386, 529
386, 663
386, 1078
386, 1118
387, 438
389, 960
389, 1090
389, 1192
389, 1238
390, 811
391, 457
391, 514
392, 542
392, 652
392, 1228
393, 823
394, 832
395, 1007
399, 1190
400, 650
401, 638
401, 834
402, 723
402, 956
403, 563
403, 707
403, 874
403, 972
404, 451
404, 642
404, 826
404, 1163
405, 459
405, 472
406, 418
406, 520
406, 1214
407, 568
407, 746
407, 1030
408, 535
409, 426
409, 744
409, 901
410, 577
410, 601
410, 882
410, 1109
412, 558
412, 1023
412, 1080
412, 1176
413, 463
413, 766
413, 832
414, 1091
415, 1118
415, 1223
415, 1228
416, 619
416, 1207
417, 919
418, 424
418, 678
418, 1059
419, 1263
420, 706
420, 739
420, 817
420, 1140
421, 508
421, 846
421, 1118
422, 1221
424, 1069
424, 1249
425, 564
425, 1265
427, 632
427, 666
428, 474
428, 722
428, 1197
430, 744
430, 749
430, 1118
431, 1250
432, 981
433, 469
434, 907
435, 828
435, 1081
435, 1135
436, 539
436, 545
436, 800
436, 873
438, 461
438, 602
438, 643
438, 813
438, 1204
440, 709
440, 866
440, 956
441, 555
441, 720
441, 1078
442, 1198
442, 1255
444, 954
446, 644
446, 763
446, 784
446, 979
446, 1007
447, 953
447, 970
447, 1075
448, 667
448, 675
448, 702
448, 762
449, 485
449, 1239
450, 914
450, 1083
451, 1197
452, 710
452, 1061
453, 484
453, 633
453, 643
453, 790
453, 916
455, 1111
456, 528
456, 654
456, 867
456, 885
457, 497
458, 773
458, 849
458, 1013
460, 768
461, 1260
462, 672
463, 694
464, 638
464, 1036
464, 1241
465, 548
465, 1028
465, 1230
466, 599
466, 701
467, 831
467, 1064
468, 481
468, 1134
469, 755
470, 488
470, 969
470, 1014
471, 484
471, 733
471, 830
471, 898
471, 910
471, 985
472, 888
472, 931
472, 1137
473, 478
473, 1030
473, 1102
473, 1145
474, 1021
474, 1223
475, 525
475, 1035
475, 1270
476, 831
477, 656
477, 1057
478, 707
478, 1217
480, 503
480, 898
480, 1084
480, 1230
481, 575
481, 732
481, 1044
482, 909
482, 1031
482, 1065
483, 491
483, 936
484, 562
484, 735
484, 802
485, 926
485, 1008
485, 1043
486, 694
486, 728
486, 850
486, 1082
487, 584
487, 800
487, 872
487, 1035
490, 576
490, 662
490, 743
491, 533
493, 528
493, 1129
494, 943
498, 1060
498, 1131
499, 507
500, 554
500, 786
500, 1007
503, 693
504, 871
504, 1025
505, 1020
506, 721
506, 835
507, 855
507, 930
507, 1010
507, 1139
509, 525
509, 806
510, 1087
511, 604
511, 862
512, 1139
513, 531
513, 1198
513, 1223
514, 614
514, 703
514, 1073
514, 1236
515, 933
515, 1131
516, 905
520, 523
520, 1058
521, 1093
523, 1154
525, 574
525, 702
526, 737
526, 861
527, 673
527, 920
528, 976
528, 1096
528, 1102
529, 642
530, 559
531, 620
532, 587
532, 844
532, 932
532, 943
533, 1012
534, 725
534, 792
534, 959
534, 964
535, 545
536, 633
536, 1012
536, 1149
537, 660
537, 977
538, 795
538, 1020
539, 579
539, 678
539, 758
540, 872
541, 631
541, 706
541, 918
542, 1060
543, 1261
544, 712
544, 993
544, 1221
545, 724
545, 1005
547, 952
547, 976
549, 664
549, 863
549, 1096
550, 1017
552, 703
552, 769
552, 860
552, 1073
553, 731
554, 852
555, 606
555, 754
556, 1120
557, 845
558, 885
559, 581
559, 1107
560, 784
560, 820
560, 1099
561, 805
562, 637
562, 1121
563, 806
563, 1096
564, 949
564, 1063
565, 848
565, 889
566, 1108
567, 1225
568, 713
568, 912
568, 1156
569, 807
569, 832
569, 917
569, 985
569, 1249
571, 1005
571, 1257
573, 700
574, 666
574, 962
574, 1109
575, 1006
576, 677
576, 907
579, 703
579, 894
581, 744
582, 819
582, 1152
583, 1014
584, 1016
586, 773
586, 1204
587, 667
588, 621
588, 1012
589, 688
589, 776
589, 1058
590, 723
590, 1099
590, 1155
591, 641
591, 804
591, 1012
591, 1050
592, 996
593, 1135
593, 1210
594, 730
594, 826
594, 1209
595, 912
596, 669
597, 966
599, 641
599, 670
599, 960
600, 628
601, 1061
601, 1070
602, 839
604, 922
605, 984
607, 614
607, 1078
608, 1234
609, 919
610, 688
610, 725
611, 1096
612, 1233
613, 1206
614, 1123
615, 683
615, 1091
616, 710
617, 817
618, 1108
619, 761
619, 1089
621, 1200
622, 1165
622, 1235
623, 765
623, 777
624, 1181
625, 689
625, 1038
627, 927
629, 932
630, 906
630, 1238
631, 685
631, 898
633, 788
633, 897
633, 965
635, 754
635, 1202
636, 996
637, 730
639, 753
639, 835
639, 969
640, 1204
641, 697
642, 751
644, 1040
644, 1103
646, 1216
646, 1230
648, 707
648, 1054
649, 894
650, 938
650, 1009
650, 1187
651, 1037
652, 1084
652, 1149
654, 735
654, 1221
656, 940
656, 1257
657, 1166
658, 808
658, 1091
659, 1237
660, 725
660, 1139
661, 776
662, 1163
663, 737
666, 967
666, 1023
666, 1186
667, 1265
669, 887
670, 827
671, 697
671, 840
672, 1086
673, 978
673, 1037
673, 1130
674, 1208
676, 812
678, 926
678, 981
678, 1037
679, 1115
679, 1139
680, 1150
681, 694
681, 718
681, 1083
682, 1031
682, 1276
684, 733
684, 860
685, 782
685, 1119
685, 1255
686, 796
691, 954
691, 1266
693, 722
693, 729
693, 967
693, 1126
694, 894
695, 1179
697, 730
697, 732
697, 759
698, 757
698, 894
698, 957
699, 1061
699, 1063
699, 1208
699, 1231
700, 1034
700, 1099
701, 970
702, 919
702, 1160
704, 853
704, 1107
704, 1211
704, 1231
705, 713
706, 750
706, 1203
707, 1048
707, 1232
707, 1242
708, 770
708, 969
708, 1009
708, 1046
708, 1056
709, 1118
710, 1256
710, 1268
711, 901
711, 918
711, 1268
712, 890
712, 957
714, 738
714, 1046
716, 937
716, 1201
720, 872
720, 1032
722, 1221
724, 931
724, 1002
725, 808
725, 853
725, 1084
726, 772
726, 1115
727, 1016
728, 766
728, 787
728, 1230
729, 1189
730, 1092
731, 790
732, 960
733, 1119
733, 1213
734, 888
734, 1029
735, 745
735, 894
736, 859
737, 1133
739, 804
741, 750
741, 998
741, 1057
741, 1135
742, 770
742, 921
743, 1034
745, 1053
745, 1055
747, 1049
748, 969
748, 1078
749, 1102
751, 1021
752, 868
752, 936
752, 1138
753, 1051
754, 769
755, 1066
755, 1203
756, 1079
756, 1210
759, 1010
759, 1182
760, 1083
761, 836
761, 899
761, 1077
762, 864
763, 846
764, 769
764, 985
767, 1157
768, 896
768, 1112
769, 864
769, 1155
769, 1158
771, 981
772, 812
772, 923
772, 928
773, 982
776, 990
776, 1005
776, 1012
776, 1167
777, 791
778, 908
778, 1027
778, 1221
779, 974
780, 1221
782, 966
784, 862
784, 979
785, 1120
785, 1143
787, 1197
789, 871
789, 991
791, 840
791, 1100
791, 1172
792, 851
792, 908
793, 986
795, 1143
795, 1189
796, 890
796, 1251
797, 1214
798, 936
798, 978
798, 1068
799, 881
799, 897
801, 1026
802, 885
802, 1019
804, 882
804, 926
805, 1072
807, 834
808, 1136
809, 1130
809, 1132
812, 1029
812, 1043
813, 916
813, 1101
814, 1237
816, 1165
816, 1218
817, 930
819, 961
820, 1024
821, 857
821, 1046
822, 953
822, 999
822, 1143
823, 1119
823, 1129
823, 1273
824, 1125
824, 1277
825, 844
825, 1244
829, 959
829, 1056
831, 1077
833, 1028
834, 857
834, 980
835, 1230
836, 964
837, 1143
839, 917
839, 937
841, 880
841, 904
841, 1021
843, 924
844, 1067
847, 941
847, 1178
849, 863
850, 1139
850, 1194
851, 1201
852, 1267
853, 900
853, 1257
854, 959
855, 997
855, 1170
857, 1043
858, 1232
860, 1068
861, 1170
861, 1172
864, 881
864, 963
864, 1000
868, 971
869, 876
870, 1088
870, 1225
871, 887
874, 1134
876, 1267
879, 976
879, 1151
880, 1069
881, 1230
883, 1040
884, 917
884, 1165
885, 1147
886, 1092
887, 1113
887, 1139
887, 1193
891, 989
896, 956
896, 1036
898, 1067
900, 1091
902, 1216
904, 1216
905, 1038
909, 931
909, 1048
910, 1020
912, 1212
914, 1074
915, 1101
917, 1118
921, 925
921, 1123
921, 1275
928, 1056
931, 974
933, 1031
933, 1125
934, 1152
936, 1119
938, 1050
939, 1263
940, 959
941, 1251
942, 973
945, 1059
946, 1099
947, 1078
950, 1042
951, 1065
954, 1269
956, 1016
956, 1234
958, 1263
959, 1053
959, 1212
963, 1183
964, 993
964, 1065
969, 1055
969, 1083
969, 1136
971, 1183
972, 1145
973, 1020
974, 1022
974, 1191
975, 1012
975, 1240
976, 1229
978, 1172
979, 1153
984, 1043
985, 1059
986, 1006
986, 1091
987, 990
989, 1274
993, 1166
995, 1154
1000, 1074
1001, 1117
1003, 1163
1003, 1224
1003, 1236
1006, 1228
1010, 1122
1013, 1121
1013, 1186
1016, 1053
1018, 1061
1021, 1056
1021, 1237
1022, 1150
1022, 1255
1024, 1156
1025, 1212
1032, 1049
1033, 1103
1033, 1236
1034, 1125
1036, 1053
1036, 1160
1037, 1132
1041, 1236
1042, 1107
1042, 1218
1045, 1170
1047, 1073
1047, 1164
1048, 1083
1048, 1255
1049, 1262
1050, 1141
1055, 1203
1055, 1277
1060, 1221
1062, 1255
1063, 1181
1064, 1227
1066, 1252
1068, 1207
1070, 1241
1070, 1274
1071, 1238
1073, 1245
1076, 1115
1076, 1159
1081, 1144
1082, 1159
1082, 1210
1087, 1116
1088, 1235
1089, 1128
1092, 1223
1095, 1109
1095, 1205
1099, 1135
1099, 1171
1100, 1150
1100, 1179
1101, 1191
1104, 1203
1107, 1264
1108, 1152
1113, 1140
1116, 1238
1132, 1224
1142, 1206
1144, 1178
1152, 1212
1161, 1189
1162, 1235
1170, 1212
1174, 1266
1179, 1252
1181, 1251
1186, 1244
1203, 1238
1204, 1274
1208, 1273
1220, 1271
1231, 1258
1236, 1257
